63577
63578
63579
63580
63581
63582
63583
63584
63585
63586
63587
63588
63589
63590
63591
63592
63593
63594
63595
63596
63597
63598
63599
63600
63601
63602
63604
63605
63606
63607
63608
63609
63610
63611
63612
63615
63616
63617
63618
63610
63611
63612
63613
63614
63615
63616
63617
63618
63619
63620
63621
63622
63623
63624
63612
63613
63614
63686
63687
63688
63690
63691
63692
63693
63694
63837
63838
64094
64274
64275
64276
64278
64279
64280
64281
64282
64283
64284
64285
64286
64287
64274
64275
64276
64278
64279
64280
64281
64282
64283
64284
64285
64286
64287
64288
64289
64290
64291
64292
64293
64294
64304
64306
64307
64308
64309
64310
64311
64312
64313
64504
64505
64507
64508
64509
64510
64511
64512
64513
64514
64516
64791
64792
64793
64794
64795
64796
64797
64791
64792
64793
64794
64795
64796
64797
64798
64799
64800
64801
64802
64803
64804
64805
64806
64808
64802
64803
64804
64805
64806
64808
64924
